3 1 45.0
5 3 89.1
9 8 40.8
6 5 19.8
7 1 59.4
1 4 61.5
5 8 48.7
4 1 37.7
8 9 79.8
5 2 41.0
2 9 31.2
3 8 82.1
4 2 66.5
1 5 61.7
9 5 30.7
8 6 82.0
6 2 3.5
5 7 40.2
7 4 21.4
2 6 14.7
7 0 28.5
9 1 18.8
6 1 32.4
7 5 82.4
5 0 78.4
8 7 85.2
1 0 69.0
0 9 23.7
2 8 61.0
6 3 58.7
7 2 76.1
2 0 64.7
5 6 60.9
9 6 74.1
6 9 76.0
5 1 46.5
7 9 84.8
3 5 69.9
1 2 1.5
7 7 65.2
1 8 3.7
3 9 93.0
0 8 68.5
0 2 53.5
6 7 54.8
4 7 39.8
0 5 61.9
8 4 14.6
9 9 46.3
4 5 15.3
9 0 1.5
4 9 42.4
6 0 86.0
3 3 92.4
8 2 78.6
1 9 34.3
0 6 6.8
0 4 61.9
3 0 12.6
1 1 47.3
6 4 50.1
2 3 97.4
7 6 26.3
2 7 56.4
4 8 48.3
7 8 83.0
6 8 43.7
8 3 90.0
0 7 14.9
5 4 47.2
2 1 53.9
4 6 9.5
0 3 10.9
6 6 10.8
2 4 28.4
9 3 21.7
1 6 31.9
1 7 65.3
2 5 81.9
8 5 31.8
4 3 66.3
3 2 91.6
0 1 8.4
3 4 45.3
0 0 39.7
7 3 28.7
1 3 23.5
4 4 46.2
3 6 45.9
8 8 95.5
9 2 59.8
