0 0 2.5
0 5 3.6
0 10 4.7
0 15 5.8
1 1 6.9
1 6 7.0
1 11 8.1
1 16 9.2
2 2 10.3
2 7 11.4
2 12 12.5
2 17 13.6
3 3 14.7
3 8 15.8
3 13 16.9
3 18 17.0
4 4 18.1
4 9 19.2
4 14 20.3
4 19 21.4
5 0 22.5
5 5 23.6
5 10 24.7
5 15 25.8
6 1 26.9
6 6 27.0
6 11 28.1
6 16 29.2
7 2 30.3
7 7 31.4
7 12 32.5
7 17 33.6
8 3 34.7
8 8 35.8
8 13 36.9
8 18 37.0
9 4 38.1
9 9 39.2
9 14 40.3
9 19 41.4
10 0 42.5
10 5 43.6
10 10 44.7
10 15 45.8
11 1 46.9
11 6 47.0
11 11 48.1
11 16 49.2
12 2 50.3
12 7 51.4
12 12 52.5
12 17 53.6
13 3 54.7
13 8 55.8
13 13 56.9
13 18 57.0
14 4 58.1
14 9 59.2
14 14 60.3
14 19 61.4
15 0 62.5
15 5 63.6
15 10 64.7
15 15 65.8
16 1 66.9
16 6 67.0
16 11 68.1
16 16 69.2
17 2 70.3
17 7 71.4
17 12 72.5
17 17 73.6
18 3 74.7
18 8 75.8
18 13 76.9
18 18 77.0
19 4 78.1
19 9 79.2
19 14 80.3
19 19 81.4
