0 0 1.2
0 6 2.4
0 12 3.6
0 18 4.8
1 1 5.0
1 7 6.2
1 13 7.4
1 19 8.6
2 2 9.8
2 8 10.0
2 14 11.2
2 20 12.4
3 3 13.6
3 9 14.8
3 15 15.0
3 21 16.2
4 4 17.4
4 10 18.6
4 16 19.8
4 22 20.0
5 5 21.2
5 11 22.4
5 17 23.6
5 23 24.8
6 0 25.0
6 6 26.2
6 12 27.4
6 18 28.6
7 1 29.8
7 7 30.0
7 13 31.2
7 19 32.4
8 2 33.6
8 8 34.8
8 14 35.0
8 20 36.2
9 3 37.4
9 9 38.6
9 15 39.8
9 21 40.0
10 4 41.2
10 10 42.4
10 16 43.6
10 22 44.8
11 5 45.0
11 11 46.2
11 17 47.4
11 23 48.6
12 0 49.8
12 6 50.0
12 12 51.2
12 18 52.4
13 1 53.6
13 7 54.8
13 13 55.0
13 19 56.2
14 2 57.4
14 8 58.6
14 14 59.8
14 20 60.0
15 3 61.2
15 9 62.4
15 15 63.6
15 21 64.8
16 4 65.0
16 10 66.2
16 16 67.4
16 22 68.6
17 5 69.8
17 11 70.0
17 17 71.2
17 23 72.4
18 0 73.6
18 6 74.8
18 12 75.0
18 18 76.2
19 1 77.4
19 7 78.6
19 13 79.8
19 19 80.0
20 2 81.2
20 8 82.4
20 14 83.6
20 20 84.8
21 3 85.0
21 9 86.2
21 15 87.4
21 21 88.6
22 4 89.8
22 10 90.0
22 16 91.2
22 22 92.4
23 5 93.6
23 11 94.8
23 17 95.0
23 23 96.2
