0 0 1.5
0 7 2.7
0 14 3.9
0 21 4.1
1 1 5.3
1 8 6.5
1 15 7.7
1 22 8.9
2 2 9.1
2 9 10.3
2 16 11.5
2 23 12.7
3 3 13.9
3 10 14.1
3 17 15.3
3 24 16.5
4 4 17.7
4 11 18.9
4 18 19.1
4 25 20.3
5 5 21.5
5 12 22.7
5 19 23.9
5 26 24.1
6 6 25.3
6 13 26.5
6 20 27.7
6 27 28.9
7 0 29.1
7 7 30.3
7 14 31.5
7 21 32.7
8 1 33.9
8 8 34.1
8 15 35.3
8 22 36.5
9 2 37.7
9 9 38.9
9 16 39.1
9 23 40.3
10 3 41.5
10 10 42.7
10 17 43.9
10 24 44.1
11 4 45.3
11 11 46.5
11 18 47.7
11 25 48.9
12 5 49.1
12 12 50.3
12 19 51.5
12 26 52.7
13 6 53.9
13 13 54.1
13 20 55.3
13 27 56.5
14 0 57.7
14 7 58.9
14 14 59.1
14 21 60.3
15 1 61.5
15 8 62.7
15 15 63.9
15 22 64.1
16 2 65.3
16 9 66.5
16 16 67.7
16 23 68.9
17 3 69.1
17 10 70.3
17 17 71.5
17 24 72.7
18 4 73.9
18 11 74.1
18 18 75.3
18 25 76.5
19 5 77.7
19 12 78.9
19 19 79.1
19 26 80.3
20 6 81.5
20 13 82.7
20 20 83.9
20 27 84.1
21 0 85.3
21 7 86.5
21 14 87.7
21 21 88.9
22 1 89.1
22 8 90.3
22 15 91.5
22 22 92.7
23 2 93.9
23 9 94.1
23 16 95.3
23 23 96.5
24 3 97.7
24 10 98.9
24 17 99.1
24 24 100.3
25 4 101.5
25 11 102.7
25 18 103.9
25 25 104.1
26 5 105.3
26 12 106.5
26 19 107.7
26 26 108.9
27 6 109.1
27 13 110.3
27 20 111.5
27 27 112.7
